>AGCAGCAAAGAC	AGCAGCAAAGAC	14.348687	-36.959938	0	T:8.0(3.45%),B:8.6(0.02%),P:1e-16
0.997	0.001	0.001	0.001
0.001	0.001	0.997	0.001
0.105	0.893	0.001	0.001
0.997	0.001	0.001	0.001
0.001	0.001	0.997	0.001
0.001	0.997	0.001	0.001
0.997	0.001	0.001	0.001
0.997	0.001	0.001	0.001
0.997	0.001	0.001	0.001
0.001	0.001	0.997	0.001
0.997	0.001	0.001	0.001
0.001	0.997	0.001	0.001
>CGCGTGTGGGGA	CGCGTGTGGGGA	9.511297	-24.625967	0	T:4.0(1.72%),B:0.0(0.00%),P:1e-10
0.001	0.997	0.001	0.001
0.001	0.001	0.997	0.001
0.001	0.997	0.001	0.001
0.001	0.001	0.997	0.001
0.001	0.001	0.001	0.997
0.001	0.001	0.997	0.001
0.156	0.001	0.001	0.842
0.001	0.001	0.997	0.001
0.001	0.001	0.997	0.001
0.001	0.001	0.997	0.001
0.001	0.001	0.894	0.104
0.947	0.051	0.001	0.001
>AATTTTTGAATC	AATTTTTGAATC	12.355432	-24.687573	0	T:5.0(2.16%),B:4.3(0.01%),P:1e-10
0.700	0.100	0.100	0.100
0.700	0.100	0.100	0.100
0.100	0.100	0.100	0.700
0.100	0.100	0.100	0.700
0.100	0.100	0.100	0.700
0.100	0.100	0.100	0.700
0.100	0.100	0.100	0.700
0.100	0.100	0.700	0.100
0.700	0.100	0.100	0.100
0.700	0.100	0.100	0.100
0.100	0.100	0.100	0.700
0.100	0.700	0.100	0.100
>CATTAGTAAGWT	CATTAGTAAGWT	11.536323	-20.196967	0	T:8.0(3.45%),B:67.4(0.14%),P:1e-8
0.001	0.997	0.001	0.001
0.997	0.001	0.001	0.001
0.001	0.001	0.001	0.997
0.001	0.001	0.001	0.997
0.806	0.001	0.192	0.001
0.193	0.001	0.613	0.193
0.001	0.001	0.001	0.997
0.806	0.001	0.192	0.001
0.997	0.001	0.001	0.001
0.001	0.192	0.806	0.001
0.385	0.193	0.001	0.421
0.193	0.001	0.193	0.613
>CCATGAAGAGAT	CCATGAAGAGAT	15.022603	-30.469748	0	T:6.0(2.59%),B:4.5(0.01%),P:1e-13
0.001	0.997	0.001	0.001
0.001	0.997	0.001	0.001
0.997	0.001	0.001	0.001
0.001	0.001	0.001	0.997
0.001	0.001	0.997	0.001
0.997	0.001	0.001	0.001
0.997	0.001	0.001	0.001
0.001	0.001	0.792	0.206
0.997	0.001	0.001	0.001
0.001	0.001	0.997	0.001
0.997	0.001	0.001	0.001
0.001	0.001	0.001	0.997
>GGTGGATTCTCA	GGTGGATTCTCA	15.132806	-24.687573	0	T:5.0(2.16%),B:4.5(0.01%),P:1e-10
0.001	0.001	0.997	0.001
0.001	0.001	0.997	0.001
0.001	0.001	0.001	0.997
0.001	0.001	0.997	0.001
0.001	0.001	0.997	0.001
0.997	0.001	0.001	0.001
0.001	0.001	0.001	0.997
0.001	0.001	0.001	0.997
0.001	0.997	0.001	0.001
0.001	0.001	0.001	0.997
0.001	0.768	0.230	0.001
0.997	0.001	0.001	0.001
>TGWGWTTTRACK	TGWGWTTTRACK	13.724141	-33.732438	0	T:8.0(3.45%),B:12.8(0.03%),P:1e-14
0.001	0.001	0.001	0.997
0.001	0.022	0.976	0.001
0.542	0.001	0.001	0.456
0.001	0.001	0.997	0.001
0.456	0.001	0.001	0.542
0.001	0.001	0.001	0.997
0.001	0.001	0.001	0.997
0.001	0.001	0.001	0.997
0.456	0.001	0.542	0.001
0.974	0.001	0.001	0.024
0.001	0.997	0.001	0.001
0.014	0.012	0.457	0.517
>AGCGGAAGAAGC	AGCGGAAGAAGC	9.540285	-29.134832	0	T:6.0(2.59%),B:5.8(0.01%),P:1e-12
0.963	0.001	0.001	0.035
0.001	0.001	0.997	0.001
0.001	0.997	0.001	0.001
0.001	0.001	0.997	0.001
0.001	0.001	0.997	0.001
0.997	0.001	0.001	0.001
0.997	0.001	0.001	0.001
0.001	0.001	0.997	0.001
0.997	0.001	0.001	0.001
0.997	0.001	0.001	0.001
0.156	0.001	0.842	0.001
0.156	0.842	0.001	0.001
>GKTAATTATTAA	GKTAATTATTAA	10.616721	-20.869502	0	T:12.0(5.17%),B:217.9(0.44%),P:1e-9
0.001	0.001	0.778	0.220
0.001	0.001	0.475	0.523
0.164	0.001	0.001	0.834
0.587	0.165	0.001	0.247
0.997	0.001	0.001	0.001
0.001	0.164	0.001	0.834
0.286	0.001	0.001	0.712
0.988	0.001	0.001	0.010
0.001	0.165	0.017	0.817
0.016	0.001	0.001	0.982
0.969	0.001	0.029	0.001
0.988	0.001	0.001	0.010
>TGATTTCGGAAT	TGATTTCGGAAT	12.355432	-24.625967	0	T:4.0(1.72%),B:0.0(0.00%),P:1e-10
0.100	0.100	0.100	0.700
0.100	0.100	0.700	0.100
0.700	0.100	0.100	0.100
0.100	0.100	0.100	0.700
0.100	0.100	0.100	0.700
0.100	0.100	0.100	0.700
0.100	0.700	0.100	0.100
0.100	0.100	0.700	0.100
0.100	0.100	0.700	0.100
0.700	0.100	0.100	0.100
0.700	0.100	0.100	0.100
0.100	0.100	0.100	0.700
>ATGTTTGCAGTM	ATGTTTGCAGTM	13.683252	-36.410375	0	T:7.0(3.02%),B:4.9(0.01%),P:1e-15
0.598	0.001	0.001	0.400
0.001	0.001	0.001	0.997
0.375	0.001	0.623	0.001
0.001	0.001	0.001	0.997
0.001	0.187	0.001	0.811
0.001	0.001	0.001	0.997
0.187	0.001	0.811	0.001
0.001	0.997	0.001	0.001
0.811	0.001	0.001	0.187
0.001	0.001	0.997	0.001
0.001	0.001	0.001	0.997
0.411	0.400	0.188	0.001
>GCATTTGGATTT	GCATTTGGATTT	8.972933	-25.642934	0	T:17.0(7.33%),B:382.3(0.78%),P:1e-11
0.001	0.001	0.963	0.035
0.001	0.806	0.192	0.001
0.580	0.418	0.001	0.001
0.193	0.193	0.001	0.613
0.001	0.001	0.404	0.594
0.001	0.001	0.001	0.997
0.192	0.001	0.806	0.001
0.015	0.001	0.983	0.001
0.611	0.387	0.001	0.001
0.001	0.001	0.402	0.596
0.001	0.192	0.001	0.806
0.001	0.016	0.193	0.790
>AAAACTGAGAGT	AAAACTGAGAGT	11.615999	-42.921971	0	T:13.0(5.60%),B:46.9(0.10%),P:1e-18
0.575	0.001	0.423	0.001
0.997	0.001	0.001	0.001
0.997	0.001	0.001	0.001
0.708	0.001	0.290	0.001
0.001	0.854	0.144	0.001
0.001	0.001	0.001	0.997
0.132	0.001	0.866	0.001
0.997	0.001	0.001	0.001
0.001	0.001	0.997	0.001
0.733	0.001	0.265	0.001
0.001	0.001	0.997	0.001
0.001	0.398	0.001	0.600
>TTAWACATTTTC	TTAWACATTTTC	12.460834	-25.633841	0	T:9.0(3.88%),B:53.3(0.11%),P:1e-11
0.001	0.001	0.254	0.744
0.001	0.001	0.001	0.997
0.997	0.001	0.001	0.001
0.476	0.001	0.047	0.476
0.777	0.001	0.221	0.001
0.001	0.997	0.001	0.001
0.744	0.001	0.254	0.001
0.001	0.001	0.001	0.997
0.001	0.001	0.001	0.997
0.001	0.001	0.001	0.997
0.221	0.001	0.001	0.777
0.001	0.997	0.001	0.001
>TGTTATWATAAC	TGTTATWATAAC	15.907333	-24.625967	0	T:4.0(1.72%),B:1.4(0.00%),P:1e-10
0.001	0.001	0.001	0.997
0.001	0.001	0.997	0.001
0.001	0.001	0.001	0.997
0.001	0.001	0.001	0.997
0.997	0.001	0.001	0.001
0.001	0.001	0.001	0.997
0.499	0.001	0.001	0.499
0.997	0.001	0.001	0.001
0.001	0.001	0.001	0.997
0.997	0.001	0.001	0.001
0.997	0.001	0.001	0.001
0.001	0.997	0.001	0.001
>ACTGGTACCACT	ACTGGTACCACT	15.132806	-38.775676	0	T:6.0(2.59%),B:0.6(0.00%),P:1e-16
0.997	0.001	0.001	0.001
0.001	0.997	0.001	0.001
0.001	0.001	0.001	0.997
0.001	0.001	0.997	0.001
0.001	0.230	0.768	0.001
0.001	0.001	0.001	0.997
0.997	0.001	0.001	0.001
0.001	0.997	0.001	0.001
0.001	0.997	0.001	0.001
0.997	0.001	0.001	0.001
0.001	0.997	0.001	0.001
0.001	0.001	0.001	0.997
>TCATTGTGTGAG	TCATTGTGTGAG	12.355432	-24.625967	0	T:4.0(1.72%),B:0.0(0.00%),P:1e-10
0.100	0.100	0.100	0.700
0.100	0.700	0.100	0.100
0.700	0.100	0.100	0.100
0.100	0.100	0.100	0.700
0.100	0.100	0.100	0.700
0.100	0.100	0.700	0.100
0.100	0.100	0.100	0.700
0.100	0.100	0.700	0.100
0.100	0.100	0.100	0.700
0.100	0.100	0.700	0.100
0.700	0.100	0.100	0.100
0.100	0.100	0.700	0.100
>ATTACCTTWTTR	ATTACCTTWTTR	9.953155	-18.490277	0	T:17.0(7.33%),B:616.3(1.26%),P:1e-8
0.800	0.001	0.001	0.198
0.110	0.001	0.001	0.888
0.001	0.001	0.282	0.716
0.537	0.068	0.233	0.162
0.334	0.664	0.001	0.001
0.001	0.869	0.001	0.129
0.001	0.001	0.001	0.997
0.087	0.001	0.001	0.911
0.452	0.001	0.110	0.437
0.001	0.110	0.001	0.888
0.001	0.001	0.312	0.686
0.499	0.001	0.499	0.001
>TKGAGSAAACAG	TKGAGSAAACAG	13.231417	-22.992613	0	T:6.0(2.59%),B:14.8(0.03%),P:1e-9
0.001	0.206	0.001	0.792
0.001	0.001	0.533	0.465
0.001	0.001	0.997	0.001
0.997	0.001	0.001	0.001
0.225	0.001	0.773	0.001
0.001	0.518	0.480	0.001
0.997	0.001	0.001	0.001
0.997	0.001	0.001	0.001
0.739	0.001	0.259	0.001
0.001	0.773	0.001	0.225
0.997	0.001	0.001	0.001
0.001	0.001	0.997	0.001
>GGTGAGTGGAAT	GGTGAGTGGAAT	15.178270	-38.420139	0	T:7.0(3.02%),B:3.5(0.01%),P:1e-16
0.001	0.001	0.997	0.001
0.001	0.001	0.997	0.001
0.001	0.001	0.001	0.997
0.001	0.001	0.997	0.001
0.997	0.001	0.001	0.001
0.001	0.001	0.997	0.001
0.001	0.001	0.001	0.997
0.001	0.001	0.997	0.001
0.404	0.001	0.594	0.001
0.997	0.001	0.001	0.001
0.594	0.001	0.404	0.001
0.001	0.001	0.001	0.997
>GCGCTGCCTAAG	GCGCTGCCTAAG	14.522037	-31.607485	0	T:5.0(2.16%),B:1.2(0.00%),P:1e-13
0.001	0.001	0.997	0.001
0.001	0.500	0.250	0.250
0.001	0.001	0.749	0.249
0.001	0.997	0.001	0.001
0.001	0.001	0.001	0.997
0.001	0.001	0.997	0.001
0.001	0.997	0.001	0.001
0.001	0.997	0.001	0.001
0.001	0.001	0.001	0.997
0.997	0.001	0.001	0.001
0.997	0.001	0.001	0.001
0.001	0.001	0.997	0.001
>TTTCTTTAAAAA	TTTCTTTAAAAA	13.020738	-20.533245	0	T:15.0(6.47%),B:398.7(0.81%),P:1e-8
0.001	0.001	0.001	0.997
0.001	0.001	0.001	0.997
0.130	0.001	0.114	0.755
0.061	0.667	0.001	0.271
0.001	0.133	0.001	0.865
0.001	0.001	0.001	0.997
0.001	0.001	0.001	0.997
0.997	0.001	0.001	0.001
0.927	0.001	0.001	0.071
0.997	0.001	0.001	0.001
0.997	0.001	0.001	0.001
0.889	0.001	0.001	0.109
>GAGGGWCCCTCC	GAGGGWCCCTCC	15.907333	-17.871889	0	T:3.0(1.29%),B:1.9(0.00%),P:1e-7
0.001	0.001	0.997	0.001
0.997	0.001	0.001	0.001
0.001	0.001	0.997	0.001
0.001	0.001	0.997	0.001
0.001	0.001	0.997	0.001
0.499	0.001	0.001	0.499
0.001	0.997	0.001	0.001
0.001	0.997	0.001	0.001
0.001	0.997	0.001	0.001
0.001	0.001	0.001	0.997
0.001	0.997	0.001	0.001
0.001	0.997	0.001	0.001
>AAGAAGAWGAWG	AAGAAGAWGAWG	9.188387	-21.490923	0	T:25.0(10.78%),B:1163.0(2.37%),P:1e-9
0.930	0.001	0.001	0.068
0.889	0.001	0.054	0.056
0.001	0.064	0.861	0.074
0.693	0.096	0.037	0.174
0.622	0.001	0.164	0.213
0.118	0.001	0.849	0.032
0.861	0.027	0.111	0.001
0.459	0.001	0.165	0.375
0.013	0.037	0.882	0.068
0.833	0.027	0.139	0.001
0.413	0.001	0.084	0.502
0.001	0.027	0.971	0.001
>CGGAGAGTGCCG	CGGAGAGTGCCG	9.865311	-29.134832	0	T:6.0(2.59%),B:5.5(0.01%),P:1e-12
0.156	0.842	0.001	0.001
0.001	0.001	0.997	0.001
0.001	0.001	0.997	0.001
0.997	0.001	0.001	0.001
0.051	0.001	0.947	0.001
0.997	0.001	0.001	0.001
0.001	0.001	0.997	0.001
0.001	0.001	0.001	0.997
0.001	0.001	0.997	0.001
0.156	0.842	0.001	0.001
0.001	0.997	0.001	0.001
0.051	0.001	0.947	0.001
